63,4
63,1
63,3
14,4
34,4
34,1
34,3
10,187
10,215
10,307
10,171
10,23
10,303
10,179
10,217
11,13
11,25
11,19
11,7
24,3
24,1
21,3
21,2
21,1
21,0
20,3
20,2
20,1
19,2
19,3
19,1
12,3
12,2
12,1
11,29
11,24
11,23
11,22
11,21
11,18
11,16
11,15
11,14
11,12
11,11
11,10
11,9
11,8
11,6
11,3
11,2
11,1
10,310
10,298
10,293
10,255
10,252
10,241
10,204
10,203
10,200
10,196
10,195
10,175
10,174
10,163
10,159
10,138
10,125
10,90
10,88
10,76
10,72
10,66
10,20
10,6
10,3
10,2
10,1
9,7
9,6
9,5
9,4
9,3
9,2
9,1
8,18
8,17
8,16
8,15
8,14
8,13
8,11
8,10
8,9
8,8
8,6
8,5
8,4
8,3
8,2
18,1
8,1
18,3
7,13
7,12
7,11
7,10
7,9
7,8
7,7
7,6
7,5
7,4
7,1
6,7
6,6
6,5
6,4
